[[203, 175, 212, 189], [222, 42, 243, 73]]
[[203, 176, 210, 188], [223, 35, 244, 67], [90, 234, 111, 266]]
[[200, 175, 211, 191], [222, 30, 242, 61], [90, 240, 111, 271]]
[[198, 175, 210, 192], [213, 29, 234, 60], [91, 242, 112, 274]]
[[199, 177, 207, 190], [94, 246, 114, 278]]
[[197, 177, 206, 191], [97, 248, 118, 280]]
[[197, 178, 204, 190], [102, 250, 122, 282]]
[[196, 178, 204, 191], [108, 253, 129, 284]]
[[194, 178, 203, 191]]
[[194, 178, 202, 191], [222, 70, 242, 101]]
[[193, 179, 202, 192], [216, 162, 221, 169], [226, 65, 247, 96], [191, 32, 212, 63]]
[[193, 181, 200, 191], [215, 163, 221, 171], [228, 60, 249, 91], [197, 35, 218, 67]]
[[191, 180, 200, 193], [215, 164, 219, 171], [232, 57, 253, 89], [198, 34, 219, 65]]
[[191, 181, 200, 194], [213, 163, 220, 173], [235, 51, 256, 83], [199, 33, 220, 65], [15, 64, 36, 95], [91, 206, 111, 237]]
[[190, 181, 200, 195], [212, 166, 219, 175], [237, 50, 258, 81], [202, 34, 222, 65], [20, 62, 41, 93], [93, 210, 114, 241]]
[[190, 182, 198, 195], [211, 167, 217, 175], [241, 47, 261, 78], [204, 33, 225, 65], [26, 59, 47, 91], [95, 214, 115, 245], [175, 63, 196, 94]]
[[189, 182, 199, 196], [210, 166, 218, 178], [206, 32, 227, 63], [30, 57, 51, 88], [96, 216, 117, 248], [179, 60, 200, 91]]
[[190, 183, 197, 194], [208, 165, 218, 179], [207, 30, 228, 61], [35, 54, 56, 85], [96, 220, 117, 251], [182, 57, 203, 89], [247, 15, 267, 46]]
[[189, 183, 197, 196], [209, 167, 217, 179], [207, 29, 228, 60], [39, 50, 60, 81], [96, 221, 117, 252], [185, 55, 206, 87], [248, 17, 269, 48]]
[[184, 177, 201, 203], [208, 167, 217, 181], [42, 47, 63, 78], [189, 51, 210, 83], [252, 19, 273, 51], [157, 29, 178, 60]]
[[187, 182, 198, 198], [208, 169, 216, 180], [192, 49, 213, 80], [257, 21, 278, 52], [162, 29, 183, 60], [150, 183, 208, 241]]
[[184, 177, 201, 202], [207, 167, 216, 182], [195, 46, 216, 77], [260, 18, 281, 49], [165, 27, 186, 58], [150, 183, 208, 241]]
[[207, 169, 215, 182], [170, 28, 190, 59], [150, 183, 208, 241]]
[[207, 171, 213, 181], [175, 29, 196, 60], [150, 183, 208, 241]]
[[207, 172, 213, 181], [89, 186, 110, 217]]
[[205, 171, 214, 185], [90, 190, 110, 221]]
[[205, 172, 213, 184], [89, 192, 110, 223]]
[[205, 173, 213, 184], [90, 194, 111, 225], [150, 34, 171, 65]]
[[204, 173, 213, 186], [89, 198, 110, 230], [154, 32, 175, 63]]
[[203, 172, 213, 188], [90, 202, 111, 233], [158, 28, 179, 59]]
[[201, 171, 215, 192], [91, 207, 111, 238], [161, 25, 182, 57], [130, 46, 151, 77]]
[[203, 176, 211, 188], [164, 23, 185, 55], [133, 46, 154, 77], [105, 33, 126, 64]]
[[203, 177, 210, 188], [136, 46, 157, 77], [107, 33, 128, 65]]
[[202, 177, 209, 188], [144, 45, 164, 76], [110, 35, 131, 67], [40, 54, 60, 85], [133, 67, 154, 98]]
[[201, 177, 209, 189], [147, 42, 168, 73], [114, 37, 135, 69], [45, 53, 66, 84], [133, 68, 154, 99]]
[[199, 176, 209, 191], [153, 39, 174, 71], [123, 33, 144, 64], [48, 50, 69, 81], [137, 66, 158, 98]]
[[197, 175, 208, 192], [162, 33, 183, 64], [125, 32, 146, 63], [50, 48, 70, 79], [138, 64, 159, 95]]
[[197, 178, 205, 190], [168, 29, 189, 60], [126, 32, 146, 63], [51, 46, 72, 77], [140, 61, 161, 92]]
[[196, 178, 204, 190], [127, 32, 148, 63], [53, 44, 74, 75], [144, 55, 164, 87]]
[[195, 178, 203, 190], [56, 41, 77, 73]]
[[194, 177, 203, 191], [58, 37, 79, 69]]
[[193, 178, 201, 191], [60, 35, 80, 66], [5, 67, 26, 99]]
[[191, 177, 201, 192], [61, 33, 82, 64], [9, 65, 29, 96]]
[[191, 178, 200, 191], [13, 63, 34, 94], [146, 45, 166, 76]]
[[190, 180, 198, 191], [15, 63, 36, 94], [153, 45, 174, 76]]
[[187, 176, 199, 194], [17, 63, 38, 94], [157, 51, 178, 83], [132, 37, 153, 69]]
[[186, 177, 197, 194], [19, 64, 39, 95], [158, 50, 179, 81], [137, 35, 158, 66]]
[[186, 180, 195, 193], [21, 64, 41, 95], [159, 50, 180, 81], [142, 32, 163, 63]]
[[183, 178, 195, 196], [164, 51, 184, 82], [146, 28, 167, 59], [75, 58, 96, 89]]
[[181, 176, 196, 198], [171, 57, 192, 89], [151, 24, 171, 55], [79, 55, 100, 87]]
[[181, 178, 193, 197], [175, 49, 195, 80], [86, 52, 107, 83]]
[[181, 181, 190, 195], [176, 45, 196, 76], [93, 48, 114, 79]]
[[181, 183, 188, 194], [177, 41, 197, 73], [98, 43, 119, 75]]
[[178, 181, 189, 198], [101, 42, 122, 73]]
[[179, 186, 185, 194], [105, 39, 126, 70]]
[[177, 185, 185, 197], [198, 165, 205, 175], [108, 40, 129, 71], [6, 48, 27, 79]]
[[175, 185, 184, 197], [197, 166, 203, 175], [113, 168, 120, 178], [114, 39, 135, 71], [9, 49, 30, 80]]
[[174, 185, 182, 197], [196, 166, 202, 176], [113, 168, 119, 178], [11, 49, 32, 80], [156, 61, 177, 92]]
[[172, 184, 182, 198], [195, 167, 201, 176], [113, 169, 118, 176], [18, 43, 39, 75], [157, 57, 178, 89]]
[[171, 183, 180, 198], [193, 167, 200, 176], [112, 169, 118, 178], [16, 50, 37, 81], [159, 57, 180, 89]]
[[169, 182, 180, 199], [192, 168, 199, 178], [110, 168, 118, 180], [160, 56, 181, 87]]
[[169, 184, 178, 197], [192, 171, 196, 177], [110, 167, 118, 180], [160, 55, 181, 87], [129, 23, 150, 54]]
[[168, 183, 178, 198], [189, 169, 196, 180], [110, 169, 118, 180], [161, 55, 182, 87], [128, 23, 149, 54]]
[[165, 181, 178, 200], [189, 171, 194, 179], [111, 170, 117, 180], [165, 64, 185, 95], [129, 23, 150, 55]]
[[166, 183, 176, 198], [188, 173, 193, 180], [109, 169, 118, 182], [164, 65, 185, 96], [131, 23, 152, 54], [132, 39, 153, 71], [122, 53, 142, 85]]
[[165, 183, 175, 197], [186, 173, 191, 181], [109, 171, 117, 182], [165, 66, 186, 98], [146, 13, 166, 44], [137, 35, 158, 66], [125, 51, 145, 83]]
[[163, 182, 174, 199], [185, 174, 190, 181], [108, 172, 116, 183], [207, 160, 213, 168], [166, 68, 187, 99], [146, 45, 166, 76], [127, 52, 147, 83]]
[[159, 177, 176, 203], [182, 172, 190, 183], [108, 173, 115, 183], [207, 162, 210, 167], [168, 68, 189, 100], [147, 43, 167, 75], [130, 51, 151, 83]]
[[159, 179, 174, 202], [180, 172, 189, 184], [107, 173, 115, 184], [206, 163, 210, 168], [170, 67, 190, 99], [148, 44, 169, 75], [132, 50, 153, 81]]
[[159, 181, 171, 200], [181, 175, 186, 182], [107, 173, 114, 184], [205, 162, 210, 170], [171, 65, 192, 96], [151, 42, 172, 73]]
[[179, 174, 186, 184], [106, 174, 113, 184], [205, 164, 209, 169]]
[[176, 172, 186, 187], [103, 170, 115, 188], [205, 164, 209, 170]]
[[176, 173, 184, 185], [105, 174, 112, 185], [203, 165, 209, 173], [90, 173, 93, 177], [158, 188, 166, 200]]
[[173, 170, 185, 188], [103, 173, 113, 187], [202, 165, 209, 174], [90, 174, 93, 178], [157, 189, 164, 200], [266, 40, 287, 71]]
[[172, 171, 182, 187], [102, 171, 113, 189], [201, 164, 209, 176], [89, 174, 93, 180], [155, 191, 162, 201], [271, 37, 292, 69]]
[[171, 171, 180, 185], [103, 175, 110, 185], [200, 164, 208, 177], [89, 174, 93, 181], [152, 188, 163, 204], [276, 35, 297, 66]]
[[169, 171, 179, 185], [100, 171, 112, 190], [201, 167, 205, 175], [89, 176, 92, 181], [150, 186, 166, 210], [268, 35, 289, 67]]
[[101, 175, 110, 188], [200, 167, 205, 176], [87, 174, 94, 184], [151, 191, 162, 207], [271, 33, 292, 65]]
[[99, 173, 111, 191], [199, 167, 205, 176], [88, 177, 92, 183], [146, 187, 165, 215]]
[[97, 172, 111, 192], [199, 168, 205, 177], [87, 176, 92, 184], [148, 194, 159, 210], [269, 60, 290, 91]]
[[94, 170, 112, 196], [198, 169, 204, 178], [87, 178, 91, 184], [145, 190, 160, 213], [272, 57, 293, 89]]
[[97, 175, 109, 193], [198, 169, 204, 179], [86, 178, 91, 185], [147, 196, 155, 208], [275, 53, 296, 85]]
[[95, 173, 110, 196], [197, 169, 205, 181], [87, 180, 90, 185], [145, 194, 155, 210], [277, 51, 298, 83]]
[[95, 176, 109, 197], [197, 171, 204, 181], [85, 179, 91, 187], [143, 193, 155, 211], [280, 50, 301, 81]]
[[96, 180, 106, 194], [196, 171, 204, 182], [84, 177, 91, 188], [142, 194, 153, 210], [282, 46, 303, 77]]
[[94, 178, 107, 198], [196, 172, 203, 182], [81, 173, 94, 193], [141, 195, 151, 210], [183, 171, 187, 177], [283, 43, 304, 75], [32, 37, 53, 68]]
[[92, 178, 108, 201], [195, 172, 202, 183], [80, 171, 95, 194], [139, 194, 150, 211], [182, 171, 186, 178], [39, 37, 60, 69]]
[[96, 185, 104, 197], [196, 173, 201, 182], [82, 175, 93, 192], [137, 193, 150, 212], [180, 170, 187, 180], [45, 37, 66, 68]]
[[83, 167, 117, 217], [195, 172, 202, 183], [84, 175, 93, 189], [136, 194, 148, 212], [180, 171, 185, 179], [49, 36, 70, 67]]
[[82, 166, 118, 219], [194, 172, 202, 184], [80, 174, 95, 196], [134, 195, 147, 214], [180, 172, 184, 179], [53, 37, 73, 68], [202, 56, 223, 87]]
[[94, 184, 105, 201], [194, 172, 202, 184], [76, 165, 100, 201], [135, 198, 145, 214], [179, 173, 183, 178], [46, 35, 67, 67], [205, 57, 226, 89], [99, 29, 120, 60], [21, 39, 42, 70]]
[[87, 175, 111, 211], [193, 171, 202, 184], [134, 202, 143, 215], [177, 172, 183, 180], [51, 37, 72, 69], [204, 59, 225, 91], [98, 30, 119, 61], [29, 39, 50, 71]]
[[89, 177, 110, 209], [131, 200, 144, 221], [176, 172, 182, 180], [205, 64, 226, 95], [102, 33, 122, 64], [36, 39, 57, 71], [150, 183, 208, 241]]
[[91, 182, 107, 204], [132, 205, 141, 219], [175, 171, 181, 181], [206, 66, 227, 98], [106, 35, 127, 66], [39, 39, 60, 70], [150, 183, 208, 241]]
[[87, 177, 110, 211], [133, 208, 140, 219], [175, 173, 179, 179], [207, 71, 228, 102], [106, 29, 127, 60], [42, 41, 63, 72], [150, 183, 208, 241]]
[[82, 169, 113, 217], [133, 209, 139, 219], [173, 171, 179, 181], [210, 74, 231, 105], [115, 35, 136, 66], [46, 42, 67, 73], [176, 27, 197, 58], [150, 183, 208, 241]]
[[85, 174, 111, 212], [133, 211, 139, 220], [172, 172, 178, 180], [212, 74, 233, 105], [50, 43, 71, 75], [170, 32, 190, 63], [150, 183, 208, 241]]
[[78, 166, 118, 225], [134, 214, 137, 219], [172, 172, 177, 181], [60, 137, 68, 148], [214, 75, 234, 107], [173, 27, 194, 58], [255, 21, 276, 52], [150, 183, 208, 241]]
[[133, 214, 138, 221], [171, 172, 177, 182], [60, 139, 66, 147], [216, 77, 236, 108], [177, 23, 197, 55], [255, 23, 276, 54], [150, 183, 208, 241]]
[[134, 215, 138, 222], [170, 173, 176, 182], [54, 127, 75, 158], [181, 19, 202, 51], [265, 17, 286, 48], [150, 183, 208, 241]]
[[121, 197, 152, 243], [170, 174, 175, 182], [56, 130, 71, 152], [186, 15, 207, 46], [272, 23, 293, 55], [184, 46, 205, 77]]
[[134, 217, 140, 227], [168, 173, 175, 183], [59, 138, 64, 144], [113, 191, 117, 196], [270, 21, 291, 53], [185, 40, 206, 71]]
[[134, 219, 141, 230], [168, 175, 172, 181], [58, 139, 61, 142], [100, 173, 128, 216], [269, 21, 290, 53], [187, 35, 208, 66], [122, 35, 143, 66]]
[[132, 217, 145, 236], [167, 174, 172, 183], [56, 136, 61, 144], [102, 177, 126, 213], [268, 23, 289, 55], [190, 29, 211, 60], [129, 35, 150, 66]]
[[125, 207, 154, 250], [166, 174, 172, 183], [55, 135, 60, 143], [101, 177, 124, 212], [198, 21, 219, 53], [133, 34, 154, 65], [192, 48, 213, 79]]
[[132, 217, 150, 244], [165, 175, 171, 183], [52, 132, 60, 144], [109, 187, 116, 196], [136, 35, 157, 66], [193, 43, 214, 75]]
[[164, 176, 169, 183], [52, 133, 58, 142], [108, 188, 116, 200], [140, 33, 161, 65], [195, 39, 216, 71]]
[[161, 174, 169, 185], [49, 130, 58, 143], [104, 184, 119, 206], [144, 33, 165, 65], [196, 35, 217, 66]]
[[161, 175, 167, 185], [48, 130, 55, 141], [109, 189, 112, 192], [209, 150, 227, 178], [152, 27, 173, 58], [198, 30, 219, 61]]
[[161, 176, 165, 183], [47, 131, 53, 139], [107, 186, 114, 196], [212, 155, 223, 171], [155, 25, 176, 57], [199, 28, 220, 59]]
[[158, 174, 166, 185], [46, 131, 51, 139], [106, 187, 114, 198], [216, 162, 220, 168], [72, 39, 93, 71], [153, 71, 173, 102]]
[[158, 175, 165, 185], [44, 130, 50, 140], [103, 183, 116, 203], [216, 164, 219, 169], [76, 37, 96, 69], [155, 66, 176, 97]]
[[157, 175, 164, 185], [44, 131, 48, 137], [97, 174, 122, 212], [207, 153, 224, 180], [79, 35, 100, 67], [157, 63, 178, 94]]
[[156, 176, 162, 184], [42, 130, 47, 137], [107, 190, 114, 200], [214, 164, 217, 168], [87, 27, 108, 58], [153, 53, 174, 84]]
[[154, 174, 163, 186], [39, 126, 47, 139], [105, 189, 115, 203], [213, 165, 217, 171], [89, 26, 109, 57], [155, 54, 176, 85]]
[[155, 177, 160, 183], [36, 125, 47, 142], [104, 188, 115, 205], [213, 167, 217, 172], [91, 24, 112, 55], [161, 50, 182, 81], [283, 26, 304, 57]]
[[152, 174, 161, 187], [36, 128, 46, 142], [102, 186, 117, 208], [212, 167, 217, 175], [198, 165, 205, 176], [162, 49, 183, 80]]
[[152, 175, 160, 188], [35, 129, 45, 143], [102, 186, 118, 210], [211, 167, 217, 176], [201, 171, 203, 175], [165, 48, 185, 79]]
[[151, 176, 159, 188], [25, 116, 54, 160], [103, 188, 117, 209], [212, 169, 216, 175], [196, 163, 208, 181], [167, 45, 188, 76]]
[[150, 176, 158, 189], [35, 134, 43, 145], [105, 192, 116, 208], [211, 169, 216, 176], [189, 153, 214, 191], [178, 166, 188, 180], [168, 43, 189, 75], [0, 27, 21, 58]]
[[150, 178, 157, 187], [34, 135, 42, 148], [105, 195, 115, 210], [211, 169, 215, 175], [200, 168, 206, 177], [178, 167, 186, 179], [170, 42, 191, 73]]
[[148, 176, 158, 191], [35, 138, 42, 149], [108, 201, 112, 208], [211, 170, 215, 176], [200, 170, 207, 181], [179, 170, 184, 178], [171, 39, 192, 71]]
[[147, 176, 157, 191], [34, 138, 43, 152], [97, 187, 122, 225], [210, 169, 216, 179], [185, 151, 220, 202], [179, 170, 184, 178], [172, 37, 193, 69], [112, 25, 133, 56], [121, 32, 142, 63], [273, 54, 294, 85]]
[[147, 178, 156, 191], [36, 142, 41, 151], [102, 198, 115, 217], [210, 172, 215, 179], [185, 151, 215, 197], [179, 170, 184, 178], [173, 39, 194, 70], [117, 24, 138, 55], [127, 30, 148, 61], [276, 50, 296, 81]]
